# jours_écoulés 	 nombreTotalContaminésGrippe 	 nombreTotalContaminésAgentPathogène()
0	0	19972
1	0	20155
2	0	21536
3	0	23069
4	0	24813
5	0	26578
6	0	28454
7	0	30376
8	0	32487
9	0	34642
10	0	36834
11	0	39006
12	0	41193
13	0	43578
14	0	45752
15	0	47890
16	0	49737
17	0	51489
18	0	52963
19	0	54216
20	0	55120
21	0	55791
22	0	56123
23	0	56334
24	0	56456
25	0	56418
26	0	56332
27	0	56103
28	0	55893
29	0	55616
30	0	55392
31	0	55187
32	0	55093
33	0	55086
34	0	54913
35	0	54771
36	0	54715
37	0	54653
38	0	54694
39	0	54586
40	0	54551
41	0	54507
42	0	54483
43	0	54367
44	0	54379
45	0	54319
46	0	54306
47	0	54363
48	0	54357
49	0	54410
50	0	54390
51	0	54447
52	0	54365
53	0	54367
54	0	54437
55	0	54446
56	0	54494
57	0	54486
58	0	54415
59	0	54479
60	0	54392
61	0	54412
62	0	54357
63	0	54459
64	0	54412
65	0	54388
66	0	54455
67	0	54443
68	0	54449
69	0	54470
70	0	54456
71	0	54498
72	19	54553
73	25	54479
74	29	54425
75	49	54341
76	64	54331
77	83	54239
78	112	54289
79	150	54199
80	187	54200
81	228	54098
82	315	54086
83	424	54038
84	526	54149
85	685	54191
86	872	54267
87	1143	54229
88	1373	54229
89	1696	54257
90	1999	54374
91	2359	54331
92	2720	54351
93	3064	54392
94	3417	54461
95	3844	54461
96	4256	54441
97	4657	54397
98	5040	54410
99	5337	54375
100	5727	54428
101	6001	54447
102	6326	54415
103	6605	54493
104	6810	54556
105	7038	54425
106	7206	54446
107	7476	54468
108	7616	54407
109	7774	54413
110	7885	54478
111	8079	54472
112	8268	54584
113	8424	54536
114	8555	54572
115	8664	54498
116	8711	54554
117	8829	54504
118	8728	54524
119	8581	54505
120	8458	54544
121	8109	54505
122	7952	54515
123	7694	54541
124	7448	54632
125	7212	54670
126	6969	54688
127	6658	54635
128	6317	54567
129	6068	54549
130	5674	54520
131	5309	54581
132	5001	54562
133	4655	54510
134	4273	54398
135	3971	54546
136	3636	54557
137	3258	54578
138	2863	54541
139	2466	54487
140	2082	54477
141	1738	54457
142	1470	54502
143	1177	54505
144	952	54543
145	765	54570
146	586	54502
147	468	54472
148	347	54377
149	240	54298
150	164	54221
151	129	54214
152	106	54214
153	81	54332
154	62	54330
155	45	54405
156	32	54411
157	24	54298
158	16	54286
159	11	54217
160	7	54343
161	5	54382
162	2	54417
163	1	54432
164	0	54388
165	0	54289
166	0	54221
167	0	54276
168	0	54185
169	0	54144
170	0	54023
171	0	53980
172	0	54018
173	0	53973
174	0	53944
175	0	54010
176	0	54118
177	0	54113
178	0	54034
179	0	54048
180	0	53976
181	0	53965
182	0	53965
183	0	53912
184	0	53888
185	0	53997
186	0	53833
187	0	53784
188	0	53885
189	0	53982
190	0	53945
191	0	53931
192	0	53922
193	0	53969
194	0	53905
195	0	53917
196	0	53926
197	0	53951
198	0	53994
199	0	54064
200	0	54132
201	0	54098
202	0	54113
203	0	54072
204	0	54210
205	0	54198
206	0	54192
207	0	54322
208	0	54333
209	0	54354
210	0	54459
211	0	54379
212	0	54246
213	0	54234
214	0	54257
215	0	54329
216	0	54325
217	0	54269
218	0	54208
219	0	54176
220	0	54268
221	0	54264
222	0	54259
223	0	54234
224	0	54324
225	0	54187
226	0	54144
227	0	54161
228	0	54184
229	0	54235
230	0	54232
231	0	54261
232	0	54246
233	0	54240
234	0	54344
235	0	54460
236	0	54392
237	0	54345
238	0	54417
239	0	54338
240	0	54228
241	0	54214
242	0	54318
243	0	54385
244	0	54416
245	0	54317
246	0	54314
247	0	54211
248	0	54253
249	0	54290
250	0	54299
251	0	54422
252	0	54478
253	0	54550
254	0	54563
255	0	54545
256	0	54514
257	0	54505
258	0	54537
259	0	54528
260	0	54471
261	0	54451
262	0	54397
263	0	54440
264	0	54523
265	0	54521
266	0	54532
267	0	54312
268	0	54249
269	0	54340
270	0	54357
271	0	54283
272	0	54352
273	0	54308
274	0	54311
275	0	54252
276	0	54177
277	0	54279
278	0	54325
279	0	54208
280	0	54215
281	0	54245
282	0	54118
283	0	54163
284	0	54117
285	0	54179
286	0	54181
287	0	54204
288	0	54223
289	0	54285
290	0	54261
291	0	54315
292	0	54348
293	0	54266
294	0	54245
295	0	54192
296	0	54192
297	0	54202
298	0	54270
299	0	54373
300	0	54454
301	0	54395
302	0	54427
303	0	54400
304	0	54506
305	0	54434
306	0	54482
307	0	54459
308	0	54493
309	0	54487
310	0	54435
311	0	54386
312	0	54339
313	0	54402
314	0	54395
315	0	54335
316	0	54362
317	0	54304
318	0	54351
319	0	54390
320	0	54400
321	0	54397
322	0	54395
323	0	54458
324	0	54376
325	0	54376
326	0	54327
327	0	54387
328	0	54305
329	0	54283
330	0	54258
331	0	54325
332	0	54318
333	0	54233
334	0	54101
335	0	54090
336	0	53986
337	0	53952
338	0	54003
339	0	54122
340	0	54091
341	0	54087
342	0	54128
343	0	54093
344	0	54131
345	0	53977
346	0	53998
347	0	54130
348	0	54169
349	0	54154
350	0	54332
351	0	54482
352	0	54579
353	0	54613
354	0	54712
355	0	54699
356	0	54753
357	0	54802
358	0	54781
359	0	54683
360	0	54736
361	0	54843
362	0	54870
363	0	54792
364	0	54706
365	0	54670
366	0	54755
367	0	54774
368	0	54749
369	0	54784
370	0	54885
371	0	54930
372	0	54931
373	0	54947
374	0	54879
375	0	54827
376	0	54686
377	0	54765
378	0	54732
379	0	54679
380	0	54653
381	0	54663
382	0	54571
383	0	54557
384	0	54511
385	0	54542
386	0	54499
387	0	54452
388	0	54380
389	0	54401
390	0	54379
391	0	54417
392	0	54387
393	0	54382
394	0	54432
395	0	54402
396	0	54394
397	0	54442
398	0	54357
399	0	54376
400	0	54323
401	0	54324
402	0	54360
403	0	54422
404	0	54437
405	0	54458
406	0	54433
407	0	54394
408	0	54453
409	0	54454
410	0	54367
411	0	54192
412	0	54249
413	0	54244
414	0	54332
415	0	54257
416	0	54231
417	0	54221
418	0	54306
419	0	54243
420	0	54220
421	0	54316
422	0	54170
423	0	54289
424	0	54392
425	0	54407
426	0	54477
427	0	54537
428	0	54566
429	0	54520
430	0	54549
431	0	54618
432	0	54643
433	0	54628
434	0	54633
435	0	54659
436	0	54687
437	19	54629
438	25	54712
439	29	54704
440	57	54752
441	63	54717
442	82	54677
443	123	54602
444	174	54581
445	203	54625
446	263	54606
447	356	54737
448	458	54719
449	593	54637
450	730	54572
451	938	54535
452	1168	54462
453	1366	54384
454	1722	54394
455	1994	54257
456	2360	54309
457	2741	54230
458	3113	54216
459	3480	54299
460	3864	54294
461	4306	54441
462	4689	54498
463	5107	54391
464	5517	54419
465	5911	54353
466	6234	54253
467	6571	54184
468	6837	54010
469	7061	54068
470	7268	54027
471	7332	54080
472	7469	54093
473	7405	54214
474	7431	54182
475	7402	54240
476	7471	54253
477	7477	54252
478	7535	54220
479	7462	54336
480	7479	54258
481	7461	54298
482	7367	54362
483	7496	54400
484	7477	54365
485	7492	54317
486	7413	54258
487	7274	54205
488	7263	54230
489	7125	54288
490	7002	54414
491	6812	54458
492	6602	54465
493	6401	54354
494	6122	54331
495	5876	54267
496	5606	54278
497	5226	54418
498	4910	54416
499	4614	54503
500	4251	54600
501	4011	54567
502	3667	54613
503	3359	54654
504	3065	54666
505	2778	54605
506	2421	54634
507	2164	54629
508	1919	54697
509	1663	54797
510	1419	54834
511	1234	54888
512	1030	54855
513	852	54869
514	718	54904
515	588	54953
516	503	54951
517	427	54963
518	370	55036
519	295	55022
